-4926.59326171875,
0.30196099999999998,
0.047058999999999997,
0.090195999999999998,
-4803.3313118676188,
0.396078431372549,
0.039215686274509803,
0.058823529411764705,
-4680.0693620164884,
0.49411764705882355,
0.054901960784313725,
0.035294117647058823,
-4556.8074121653563,
0.58823529411764708,
0.11372549019607843,
0.023529411764705882,
-4433.5454623142259,
0.66274509803921566,
0.16862745098039217,
0.015686274509803921,
-4310.2835124630947,
0.74117647058823533,
0.22745098039215686,
0.0039215686274509803,
-4187.0215626119634,
0.78823529411764703,
0.29019607843137257,
0.0,
-4063.7596127608322,
0.86274509803921573,
0.38039215686274508,
0.011764705882352941,
-3940.4976629097018,
0.90196078431372551,
0.45882352941176469,
0.027450980392156862,
-3817.2357130585701,
0.91764705882352937,
0.52156862745098043,
0.047058823529411764,
-3693.9737632074393,
0.92549019607843142,
0.58039215686274515,
0.078431372549019607,
-3570.7118133563085,
0.93725490196078431,
0.64313725490196083,
0.12156862745098039,
-3447.4498635051768,
0.94509803921568625,
0.70980392156862748,
0.18431372549019609,
-3324.1879136540465,
0.95294117647058818,
0.7686274509803922,
0.24705882352941178,
-3200.9259638029148,
0.96470588235294119,
0.82745098039215681,
0.32549019607843138,
-3077.664013951784,
0.96862745098039216,
0.8784313725490196,
0.42352941176470588,
-2954.4020641006532,
0.97254901960784312,
0.91764705882352937,
0.51372549019607838,
-2831.1401142495215,
0.98039215686274506,
0.94901960784313721,
0.59607843137254901,
-2707.8781643983912,
0.98039215686274506,
0.97254901960784312,
0.6705882352941176,
-2584.6162145472595,
0.9882352941176471,
0.9882352941176471,
0.75686274509803919,
-2466.2847426901749,
0.98431372549019602,
0.9882352941176471,
0.85490196078431369,
-2461.3542646961287,
0.9882352941176471,
0.9882352941176471,
0.85882352941176465,
-2461.2790602430032,
0.95294117647058818,
0.95294117647058818,
0.89411764705882357,
-2461.2790602430032,
0.95294117647058818,
0.95294117647058818,
0.89411764705882357,
-2333.2752391286131,
0.8901960784313725,
0.8901960784313725,
0.80784313725490198,
-2205.2714180142225,
0.82745098039215681,
0.82352941176470584,
0.73725490196078436,
-2077.2675968998333,
0.77647058823529413,
0.76470588235294112,
0.67843137254901964,
-1949.2637757854418,
0.72549019607843135,
0.71372549019607845,
0.62745098039215685,
-1821.2599546710526,
0.67843137254901964,
0.66274509803921566,
0.58039215686274515,
-1693.2561335566616,
0.63137254901960782,
0.60784313725490191,
0.53333333333333333,
-1565.2523124422728,
0.58039215686274515,
0.55686274509803924,
0.48627450980392156,
-1437.2484913278809,
0.53725490196078429,
0.50588235294117645,
0.44313725490196076,
-1309.2446702134903,
0.49803921568627452,
0.45882352941176469,
0.40784313725490196,
-1181.2408490991002,
0.46274509803921571,
0.41960784313725491,
0.37254901960784315,
-1053.23702798471,
0.43137254901960786,
0.38823529411764707,
0.34509803921568627,
-925.23320687031946,
0.40392156862745099,
0.35686274509803922,
0.31764705882352939,
-797.22938575592889,
0.37254901960784315,
0.32156862745098042,
0.29411764705882354,
-669.22556464153877,
0.34509803921568627,
0.29411764705882354,
0.26666666666666666,
-541.22174352714865,
0.31764705882352939,
0.2627450980392157,
0.23921568627450981,
-413.21792241275853,
0.28627450980392155,
0.23137254901960785,
0.21176470588235294,
-285.2141012983684,
0.25490196078431371,
0.20000000000000001,
0.18431372549019609,
-157.21028018397737,
0.23137254901960785,
0.17254901960784313,
0.16470588235294117,
-29.206459069587254,
0.20000000000000001,
0.14509803921568629,
0.13725490196078433,
98.872566497928347,
0.14902000000000001,
0.196078,
0.27843099999999998,
348.3705149262596,
0.20000000000000001,
0.25490196078431371,
0.34509803921568627,
597.86846335459177,
0.24705882352941178,
0.31764705882352939,
0.41568627450980394,
847.36641178292484,
0.30588235294117649,
0.38823529411764707,
0.49411764705882355,
1096.864360211257,
0.37254901960784315,
0.45882352941176469,
0.56862745098039214,
1346.3623086395892,
0.44313725490196076,
0.53333333333333333,
0.64313725490196083,
1595.8602570679204,
0.51764705882352946,
0.61568627450980395,
0.72549019607843135,
1845.3582054962535,
0.59999999999999998,
0.69803921568627447,
0.80000000000000004,
2094.8561539245857,
0.68627450980392157,
0.78431372549019607,
0.87058823529411766,
2344.3541023529178,
0.76078431372549016,
0.85882352941176465,
0.92941176470588238,
2469.1030765670839,
0.80784313725490198,
0.90196078431372551,
0.96078431372549022,
2593.85205078125,
0.8901960784313725,
0.95686274509803926,
0.98431372549019602